2 Машинка 34 40
2 Машинка 33 40
2 Машинка 32 40
2 Машинка 31 40
4 Робот 39 30
4 Робот 38 30
4 Робот 37 30
1 Кукла 24 20
1 Кукла 23 20
3 Конструктор 19 10
2 Машинка 30 40
2 Машинка 29 40
2 Машинка 28 40
2 Машинка 27 40
4 Робот 36 30
4 Робот 35 30
4 Робот 34 30
1 Кукла 22 20
1 Кукла 21 20
3 Конструктор 18 10
2 Машинка 26 40
2 Машинка 25 40
2 Машинка 24 40
2 Машинка 23 40
4 Робот 33 30
4 Робот 32 30
4 Робот 31 30
1 Кукла 20 20
1 Кукла 19 20
3 Конструктор 17 10
2 Машинка 22 40
2 Машинка 21 40
2 Машинка 20 40
2 Машинка 19 40
4 Робот 30 30
4 Робот 29 30
4 Робот 28 30
1 Кукла 18 20
1 Кукла 17 20
3 Конструктор 16 10
2 Машинка 18 40
2 Машинка 17 40
2 Машинка 16 40
2 Машинка 15 40
4 Робот 27 30
4 Робот 26 30
4 Робот 25 30
1 Кукла 16 20
1 Кукла 15 20
3 Конструктор 15 10
2 Машинка 14 40
2 Машинка 13 40
2 Машинка 12 40
2 Машинка 11 40
4 Робот 24 30
4 Робот 23 30
4 Робот 22 30
1 Кукла 14 20
1 Кукла 13 20
3 Конструктор 14 10
2 Машинка 10 40
2 Машинка 9 40
2 Машинка 8 40
2 Машинка 7 40
4 Робот 21 30
4 Робот 20 30
4 Робот 19 30
1 Кукла 12 20
1 Кукла 11 20
3 Конструктор 13 10
2 Машинка 6 40
2 Машинка 5 40
2 Машинка 4 40
2 Машинка 3 40
4 Робот 18 30
4 Робот 17 30
4 Робот 16 30
1 Кукла 10 20
1 Кукла 9 20
3 Конструктор 12 10
2 Машинка 2 40
2 Машинка 1 40
2 Машинка 0 40
4 Робот 15 30
4 Робот 14 30
4 Робот 13 30
1 Кукла 8 20
1 Кукла 7 20
3 Конструктор 11 10
4 Робот 12 30
4 Робот 11 30
4 Робот 10 30
1 Кукла 6 20
1 Кукла 5 20
3 Конструктор 10 10
4 Робот 9 30
4 Робот 8 30
4 Робот 7 30
1 Кукла 4 20
1 Кукла 3 20
3 Конструктор 9 10
4 Робот 6 30
4 Робот 5 30
4 Робот 4 30
1 Кукла 2 20
1 Кукла 1 20
3 Конструктор 8 10
